533
  113.2126999  27.6833832
  113.2199173  27.6898038
  113.2283628  27.6915568
  113.2395708  27.6924438
  113.2450103  27.6893288
  113.2478829  27.6879633
  113.2514448  27.6959156
  113.2570332  27.6964872
  113.2657931  27.6935435
  113.2714811  27.6974884
  113.2744941  27.7016936
  113.2719325  27.7102927
  113.2806018  27.7164138
  113.2888108  27.7267228
  113.2980698  27.7246519
  113.2949983  27.7387353
  113.2929092  27.7442108
  113.2904527  27.7494118
  113.2923433  27.7533928
  113.2924268  27.7577553
  113.2918095  27.7590322
  113.2908225  27.762621
  113.2909298  27.764064
  113.2912946  27.7649944
  113.293097   27.7665133
  113.2973885  27.7659437
  113.3004784  27.7646906
  113.3062506  27.7596209
  113.3085251  27.7585765
  113.3098984  27.7582917
  113.3111429  27.7584436
  113.3130741  27.7576651
  113.3140397  27.7560321
  113.3147907  27.7524052
  113.3163571  27.7487591
  113.3184814  27.7474488
  113.3236098  27.7474298
  113.3263349  27.7486072
  113.3323001  27.7553295
  113.3383638  27.7549888
  113.3403682  27.7557852
  113.3431148  27.759393
  113.3453464  27.7637602
  113.3468914  27.768469
  113.3468914  27.7708613
  113.3433294  27.7779619
  113.3433294  27.7795566
  113.3444881  27.7836192
  113.3426427  27.7876817
  113.343029   27.790719
  113.3446168  27.7919338
  113.3480501  27.7931487
  113.3522987  27.7933006
  113.3548736  27.7931487
  113.3559894  27.795009
  113.3568477  27.8016524
  113.3550453  27.8041958
  113.3543157  27.8063216
  113.3553028  27.8090167
  113.3548307  27.811484
  113.3554223  27.8129628
  113.3534027  27.8193505
  113.3557203  27.8258168
  113.3544768  27.8357848
  113.3535233  27.8459643
  113.3532865  27.8512094
  113.356161   27.8523191
  113.3628816  27.8553259
  113.3713836  27.8564713
  113.3792378  27.8575452
  113.3894807  27.8566503
  113.3962419  27.8569725
  113.405756   27.8596928
  113.4088734  27.8637373
  113.4093997  27.871146
  113.4102499  27.8756196
  113.4099665  27.8823833
  113.4090758  27.8893255
  113.4096425  27.8920809
  113.4183065  27.9005968
  113.4235293  27.9013123
  113.4288734  27.9007041
  113.4337317  27.8993444
  113.4415454  27.8991297
  113.4476993  27.8997738
  113.4506142  27.901205
  113.4533673  27.9030655
  113.4523956  27.9086826
  113.4532458  27.9137629
  113.4561203  27.9201665
  113.4636375  27.9241311
  113.4699928  27.9267617
  113.4746305  27.928684
  113.477436   27.9340461
  113.4782376  27.9391044
  113.4840203  27.9426452
  113.4896315  27.9417853
  113.4945298  27.9411353
  113.5017928  27.9417363
  113.508354   27.9426957
  113.513736   27.944466
  113.5160835  27.9453259
  113.5183165  27.9489169
  113.5185454  27.9549356
  113.5178583  27.9598918
  113.5194042  27.9626733
  113.526733   27.960802
  113.5308554  27.9625214
  113.5361229  27.9641397
  113.5432226  27.9655051
  113.5497497  27.9644431
  113.5571357  27.9666176
  113.5615308  27.9683148
  113.5664111  27.9660614
  113.5701327  27.9625214
  113.5716213  27.9571608
  113.5710833  27.9502983
  113.5721365  27.9419877
  113.5667546  27.9408748
  113.5648573  27.9347703
  113.5635483  27.931011
  113.5660102  27.9245865
  113.5685867  27.9207417
  113.5658385  27.9158341
  113.5668333  27.9129453
  113.5689303  27.9075872
  113.5710488  27.902831
  113.5758583  27.9005034
  113.5862215  27.8942288
  113.5904584  27.9049055
  113.5913744  27.9099147
  113.5893132  27.9139623
  113.5927485  27.915986
  113.5961267  27.9164413
  113.600478   27.91462
  113.6030428  27.9113423
  113.6126163  27.90698
  113.6209183  27.9028815
  113.6273882  27.9000986
  113.6296212  27.8971131
  113.6312816  27.8930143
  113.6368354  27.8890671
  113.638553   27.8834497
  113.6431907  27.8813748
  113.6489163  27.8806157
  113.6494887  27.8851705
  113.6528473  27.8877543
  113.6554434  27.8877008
  113.6656349  27.8801602
  113.6749675  27.877579
  113.6800633  27.8769211
  113.6868795  27.8735691
  113.6911431  27.8729509
  113.6947789  27.8737101
  113.6968687  27.8757852
  113.7010197  27.8789484
  113.7048272  27.880416
  113.7109536  27.8849455
  113.7133582  27.8867928
  113.7148755  27.8886399
  113.7175092  27.8889182
  113.7248468  27.8884357
  113.7250185  27.884453
  113.722701   27.8792561
  113.7232159  27.8778525
  113.7254905  27.8735657
  113.72828    27.8717069
  113.7351036  27.8717069
  113.7364984  27.869184
  113.739674   27.8684063
  113.7428282  27.86613
  113.7476778  27.8659403
  113.7514972  27.8619566
  113.7528705  27.8563034
  113.7537932  27.8523952
  113.7540052  27.8487958
  113.7543725  27.8437816
  113.7512825  27.8387725
  113.7527417  27.8361161
  113.7595652  27.8309169
  113.7614106  27.8241234
  113.7613677  27.816001
  113.7595223  27.8100797
  113.7603377  27.80412
  113.7586211  27.8022599
  113.7534713  27.8007034
  113.7495659  27.7935285
  113.7427853  27.7865808
  113.7331295  27.7760628
  113.7273463  27.7746248
  113.7242459  27.7727979
  113.7191819  27.7674438
  113.7163924  27.7619375
  113.7096547  27.757988
  113.7007283  27.7488732
  113.6972951  27.7461765
  113.6937331  27.7414669
  113.6938189  27.736643
  113.6957072  27.7313251
  113.6959218  27.7279822
  113.6916799  27.7245942
  113.6840342  27.7166615
  113.6727045  27.7060994
  113.6685846  27.7058715
  113.6676405  27.6993361
  113.657459   27.682882
  113.6571692  27.6817847
  113.6561607  27.6811766
  113.6542901  27.6799195
  113.6531643  27.6780289
  113.6533823  27.6731382
  113.6531213  27.6711377
  113.6523627  27.6697872
  113.6515581  27.6693997
  113.6492192  27.6693237
  113.649069   27.6682784
  113.6483179  27.6678889
  113.6481785  27.6675183
  113.64879    27.6671002
  113.6488329  27.6667106
  113.6482643  27.6665871
  113.6471592  27.6652473
  113.6469447  27.6632043
  113.6467623  27.6628432
  113.6451422  27.6628432
  113.6449705  27.664145
  113.6444877  27.6645346
  113.6439084  27.664164
  113.6447667  27.6626626
  113.6441015  27.6618644
  113.6415373  27.6602775
  113.6409794  27.660515
  113.6387049  27.6600399
  113.6364304  27.6581964
  113.6353575  27.6579493
  113.6345207  27.656923
  113.6326538  27.6563053
  113.6320959  27.6552789
  113.6299394  27.6534733
  113.6288558  27.6531027
  113.6261307  27.6503372
  113.6223005  27.6496624
  113.6203693  27.6485125
  113.6201547  27.6454618
  113.6187385  27.6447394
  113.617891   27.6439126
  113.6168717  27.6443213
  113.6158525  27.6436655
  113.6154662  27.6427531
  113.6147581  27.6428291
  113.6139964  27.6419642
  113.6132561  27.642506
  113.6127411  27.6424299
  113.6129128  27.6395786
  113.6123549  27.6390084
  113.611679   27.6397022
  113.6112176  27.6408997
  113.6096351  27.6423349
  113.6086534  27.6423016
  113.6071729  27.6404293
  113.6060624  27.6403818
  113.6054187  27.6394978
  113.6051934  27.6385664
  113.6042332  27.6384476
  113.6033158  27.6390369
  113.6025005  27.6387517
  113.6016476  27.6390843
  113.602082   27.637787
  113.6023449  27.6366607
  113.6005317  27.6366274
  113.6004405  27.635753
  113.6001026  27.6342655
  113.5997914  27.6331962
  113.5997002  27.6319985
  113.600242   27.6302733
  113.5999738  27.6291232
  113.6017441  27.6282439
  113.602538   27.6271888
  113.6041205  27.6266755
  113.6039542  27.625321
  113.6034714  27.6233152
  113.6041527  27.6221365
  113.600875   27.6163662
  113.5998021  27.6145029
  113.5985791  27.6141416
  113.5988044  27.6131339
  113.5985791  27.6124684
  113.5987936  27.6122308
  113.5983001  27.6113752
  113.5983001  27.6106811
  113.5971307  27.6102343
  113.5972487  27.6095403
  113.598343   27.6091315
  113.5983538  27.6076008
  113.5987186  27.607325
  113.5986328  27.6067356
  113.5992014  27.606593
  113.5991156  27.6062127
  113.5992873  27.6058324
  113.5985148  27.6049196
  113.5976779  27.6030942
  113.598032   27.602904
  113.5985362  27.6030086
  113.598665   27.6040925
  113.5989976  27.6046249
  113.5999954  27.6051193
  113.6001669  27.6046916
  113.5993087  27.6039594
  113.5999202  27.6024288
  113.5998773  27.6010976
  113.5986542  27.5987397
  113.5989868  27.5969902
  113.5998988  27.5958681
  113.6013365  27.594575
  113.6020017  27.5936812
  113.6020445  27.5924927
  113.6028063  27.5923595
  113.6033535  27.5919601
  113.6030209  27.5914657
  113.6024307  27.591637
  113.6020231  27.5913421
  113.6026883  27.590724
  113.6020553  27.5896971
  113.6017655  27.5889745
  113.597989   27.5857794
  113.5958003  27.5820899
  113.595414   27.5751668
  113.594427   27.5713626
  113.5875176  27.5683954
  113.586788   27.5666454
  113.5854577  27.5623464
  113.5790204  27.55702
  113.5749006  27.5506279
  113.5772608  27.543779
  113.5767458  27.541572
  113.5750721  27.5385278
  113.5753296  27.5365871
  113.578763   27.5301176
  113.5827111  27.5273016
  113.5855006  27.5273016
  113.5889338  27.5259315
  113.5925607  27.5220522
  113.597176   27.518749
  113.6049493  27.5181027
  113.6079882  27.5189287
  113.6106173  27.5213341
  113.614261   27.5288738
  113.6165282  27.530238
  113.6179047  27.5290174
  113.6173867  27.5245614
  113.6179017  27.5231533
  113.6203049  27.5227727
  113.6220644  27.5220496
  113.6233948  27.5173683
  113.6228798  27.5154272
  113.6204767  27.5145517
  113.6168717  27.5072057
  113.6218499  27.5030566
  113.6199616  27.5000114
  113.6145113  27.4967376
  113.6127514  27.4934611
  113.6113356  27.4909512
  113.6078167  27.4872202
  113.6090182  27.4824233
  113.6085364  27.4816644
  113.607816   27.481013
  113.6063744  27.4803252
  113.6041052  27.4795802
  113.598461   27.4790348
  113.5936974  27.4733236
  113.5869169  27.4719908
  113.584771   27.471039
  113.5839985  27.4698206
  113.5844277  27.4681452
  113.5864447  27.4662794
  113.5910367  27.4646039
  113.5915516  27.4618622
  113.5894488  27.4597679
  113.5898779  27.456988
  113.5950707  27.4533321
  113.5948132  27.4518088
  113.5915945  27.4481909
  113.5917233  27.4443062
  113.5943841  27.4404975
  113.5946845  27.436765
  113.5923462  27.4322204
  113.5945849  27.4275839
  113.5961134  27.4236334
  113.5995768  27.4219857
  113.6023663  27.4210334
  113.6134814  27.4217953
  113.6181162  27.4216048
  113.6208199  27.4186716
  113.6209916  27.4161573
  113.6206912  27.4144049
  113.6188245  27.4128619
  113.6101341  27.4131476
  113.6058425  27.4149001
  113.5998773  27.4142524
  113.5962523  27.4140623
  113.5917433  27.4127558
  113.5879133  27.4132443
  113.5849228  27.4145963
  113.5824968  27.4165973
  113.5794218  27.4197958
  113.5747908  27.4230993
  113.5685418  27.4255883
  113.5631028  27.4284838
  113.5579073  27.4313618
  113.5518418  27.4359108
  113.5443878  27.4334203
  113.5379028  27.4301738
  113.5341563  27.4226033
  113.5339433  27.4170988
  113.5331803  27.4111708
  113.5307998  27.4044283
  113.5276563  27.3979683
  113.5230788  27.3927553
  113.5174103  27.3899153
  113.5071023  27.3871553
  113.4977568  27.3868538
  113.4916533  27.3879528
  113.4877473  27.3907448
  113.4844283  27.3941858
  113.4812468  27.3962383
  113.4784473  27.3968848
  113.4736633  27.3951338
  113.4692078  27.3945103
  113.4656523  27.3952063
  113.4622268  27.3975048
  113.4568633  27.4013118
  113.4518968  27.4037113
  113.4470673  27.4047223
  113.4406203  27.4049203
  113.4353638  27.4068773
  113.4304733  27.4101923
  113.4270933  27.4129468
  113.4193573  27.4164468
  113.4135668  27.4182108
  113.4086838  27.4185333
  113.4038393  27.4193133
  113.3990328  27.4205513
  113.3946688  27.4240588
  113.3912273  27.4261263
  113.3857268  27.4253388
  113.3803023  27.4222468
  113.3752138  27.4170628
  113.3715898  27.4108618
  113.3703763  27.4026623
  113.3682328  27.3954428
  113.3647078  27.3873958
  113.3617173  27.3857533
  113.3561403  27.3838188
  113.3514708  27.3836668
  113.3455808  27.3842848
  113.3389818  27.3826483
  113.3336028  27.3800123
  113.3277128  27.3776378
  113.3220213  27.3775518
  113.3184433  27.3780153
  113.3156433  27.3816488
  113.3137283  27.3866043
  113.3145063  27.3927628
  113.3139803  27.3957863
  113.3119428  27.3993148
  113.3120803  27.4039593
  113.3052204  27.4062533
  113.3059463  27.4234483
  113.3006901  27.4256787
  113.3000563  27.4364833
  113.2955168  27.4441393
  113.2862725  27.4438664
  113.2834698  27.4475875
  113.2717233  27.4489343
  113.2686998  27.4511758
  113.2620313  27.4487237
  113.2546214  27.448594
  113.2495246  27.4538687
  113.244478   27.4575963
  113.2382963  27.4680993
  113.2314279  27.4770708
  113.2286628  27.482074
  113.2247474  27.485886
  113.221079   27.4872019
  113.2176726  27.4870264
  113.2140803  27.4848272
  113.2089015  27.4822696
  113.2042116  27.483669
  113.1975511  27.4840097
  113.1901969  27.4903864
  113.185251   27.4919315
  113.1809388  27.4884427
  113.1773988  27.4948063
  113.1840754  27.5025478
  113.1882561  27.5070073
  113.1857603  27.5115128
  113.1892623  27.5163438
  113.1909638  27.5212933
  113.1955027  27.5231444
  113.2004135  27.5213467
  113.1988861  27.52841
  113.2001418  27.5321978
  113.2031633  27.5343018
  113.2043533  27.5392838
  113.2040328  27.5416048
  113.2011568  27.5445478
  113.1972198  27.5468728
  113.1938173  27.5496213
  113.1915893  27.5539053
  113.1905823  27.5574188
  113.1873778  27.5624543
  113.1732469  27.5638661
  113.1816633  27.5715618
  113.1806868  27.5787503
  113.1800233  27.5831623
  113.1791303  27.5880488
  113.1761938  27.5900783
  113.1719893  27.5924183
  113.1659209  27.5915538
  113.1655123  27.6018028
  113.1651918  27.6073418
  113.1732274  27.6129588
  113.1746759  27.6191412
  113.180959   27.6216903
  113.1928138  27.6243358
  113.1985107  27.6327268
  113.1958238  27.6396273
  113.2009963  27.6459598
  113.2041473  27.6558743
  113.2036588  27.6655633
  113.2065733  27.6725018
  113.2112428  27.6820868
  113.2126999  27.6833832
